From_GeoId,To_GeoId,Miles_of_Common_Border
3700101,3700102,7.466903378
3700101,3700107,0.702833521
3700101,3700108N,4.226183365
3700101,3700108S,3.134412527
3700101,370373,7.580421859
3700101,37081GR,4.627653377
3700101,3715123,3.885381353
3700102,3700101,7.466903378
3700102,3700103S,4.987343813
3700102,37001064,1.456487570
3700102,3700107,4.345195406
3700102,37001129,3.916425828
3700102,37081GR,3.209919602
3700102,37081RC2,2.273338791
37001035,3700103C,1.493419908
37001035,3700103N,2.208265285
37001035,3700103W,4.139897581
37001035,3700104,8.250853040
37001035,37001124,0.049073264
37001035,37001127,1.507315707
37001035,37081SWASH,1.095065422
3700103C,37001035,1.493419908
3700103C,3700103N,5.053776559
3700103C,3700103S,3.408763526
3700103C,3700103W,0.067043741
3700103C,37001124,1.107443001
3700103C,37001126,0.487418985
3700103N,37001035,2.208265285
3700103N,3700103C,5.053776559
3700103N,3700103W,2.972063159
3700103S,3700102,4.987343813
3700103S,3700103C,3.408763526
3700103S,3700103W,1.029512141
3700103S,37001125,0.812263994
3700103S,37001126,0.651133627
3700103S,37001129,2.073448926
3700103S,37081RC2,2.448922460
3700103W,37001035,4.139897581
3700103W,3700103C,0.067043741
3700103W,3700103N,2.972063159
3700103W,3700103S,1.029512141
3700103W,37081GIB,3.114338108
3700103W,37081SWASH,0.672782114
3700104,37001035,8.250853040
3700104,3700105,7.778101437
3700104,37001127,2.116747787
3700104,37033STON,6.183393862
3700104,37081NWASH,4.088356265
3700104,37081SWASH,2.119433712
3700104,37157WM,0.501139601
3700105,3700104,7.778101437
3700105,37001063,2.156243421
3700105,3700111,7.537938014
3700105,37001127,2.810058785
3700105,3700113,3.539607967
3700105,37033ANDE,1.991019213
3700105,37033STON,3.354655695
37001063,3700105,2.156243421
37001063,3700106N,2.200299496
37001063,37001127,0.027404583
37001063,3700112E,0.856489155
37001063,3700112N,2.298506387
37001063,3700113,2.017870830
37001064,3700102,1.456487570
37001064,3700106E,1.054354673
37001064,3700106S,2.654800975
37001064,3700106W,1.105338664
37001064,3700107,2.945552313
37001064,37001129,2.594880010
3700106E,37001064,1.054354673
3700106E,3700106N,3.118941534
3700106E,3700106S,2.851285171
3700106E,3700106W,1.024092933
3700106E,3700113,2.406785718
3700106N,37001063,2.200299496
3700106N,3700106E,3.118941534
3700106N,3700106W,0.743027654
3700106N,3700112E,0.404935210
3700106N,3700113,0.788083532
3700106S,37001064,2.654800975
3700106S,3700106E,2.851285171
3700106S,3700107,2.403825364
3700106S,3700109N,1.410150294
3700106S,37001103,0.977070934
3700106S,3700113,1.857667407
3700106W,37001064,1.105338664
3700106W,3700106E,1.024092933
3700106W,3700106N,0.743027654
3700106W,370011210,0.340879553
3700106W,3700112E,0.319275545
3700106W,3700112S,1.685004360
3700107,3700101,0.702833521
3700107,3700102,4.345195406
3700107,37001064,2.945552313
3700107,3700106S,2.403825364
3700107,3700108N,7.131935464
3700107,3700109N,1.942941681
3700107,3700109S,2.924656259
3700108N,3700101,4.226183365
3700108N,3700107,7.131935464
3700108N,3700108S,20.529459450
3700108N,3700109S,6.219931277
3700108N,37135WC,2.014887346
3700108S,3700101,3.134412527
3700108S,3700108N,20.529459450
3700108S,3703721,7.785456013
3700108S,370373,5.719939104
3700108S,37037MCH110,2.974424015
3700108S,37135WC,0.595531427
3700109N,3700106S,1.410150294
3700109N,3700107,1.942941681
3700109N,3700109S,10.362661800
3700109N,37001103,5.716229822
3700109S,3700107,2.924656259
3700109S,3700108N,6.219931277
3700109S,3700109N,10.362661800
3700109S,37001103,1.443270914
3700109S,37135CX,0.020804349
3700109S,37135OG,5.249862049
3700109S,37135WC,3.625503985
37001103,3700106S,0.977070934
37001103,3700109N,5.716229822
37001103,3700109S,1.443270914
37001103,3700110S,6.196088447
37001103,3700113,5.928572855
37001103,37135CX,1.814672690
3700110N,3700110S,5.173343387
3700110N,3700111,2.330353215
3700110N,3700113,5.775230291
3700110N,37135CX,3.013242460
3700110S,37001103,6.196088447
3700110S,3700110N,5.173343387
3700110S,3700113,0.369338860
3700110S,37135CX,2.280273625
3700111,3700105,7.537938014
3700111,3700110N,2.330353215
3700111,3700113,5.104633701
3700111,37033ANDE,6.953517164
3700111,37033PROS,0.541969671
3700111,37135CA,7.370495423
370011210,3700106W,0.340879553
370011210,37001125,1.574602336
370011210,37001128,1.239090344
370011210,37001129,2.622465216
370011210,3700112S,0.532423412
37001124,37001035,0.049073264
37001124,3700103C,1.107443001
37001124,37001126,1.367720215
37001124,37001127,1.521934211
37001124,3700112W,0.709870947
37001125,3700103S,0.812263994
37001125,370011210,1.574602336
37001125,37001126,1.356511895
37001125,37001128,0.776068925
37001125,37001129,1.022139413
37001126,3700103C,0.487418985
37001126,3700103S,0.651133627
37001126,37001124,1.367720215
37001126,37001125,1.356511895
37001126,37001128,0.395622212
37001126,3700112W,0.906005428
37001127,37001035,1.507315707
37001127,3700104,2.116747787
37001127,3700105,2.810058785
37001127,37001063,0.027404583
37001127,37001124,1.521934211
37001127,3700112N,3.525648197
37001127,3700112W,1.093167476
37001128,370011210,1.239090344
37001128,37001125,0.776068925
37001128,37001126,0.395622212
37001128,3700112E,0.526691867
37001128,3700112S,1.564877988
37001128,3700112W,1.566732413
37001129,3700102,3.916425828
37001129,3700103S,2.073448926
37001129,37001064,2.594880010
37001129,370011210,2.622465216
37001129,37001125,1.022139413
3700112E,37001063,0.856489155
3700112E,3700106N,0.404935210
3700112E,3700106W,0.319275545
3700112E,37001128,0.526691867
3700112E,3700112N,2.131931098
3700112E,3700112S,1.050055736
3700112N,37001063,2.298506387
3700112N,37001127,3.525648197
3700112N,3700112E,2.131931098
3700112N,3700112W,0.301837512
3700112S,3700106W,1.685004360
3700112S,370011210,0.532423412
3700112S,37001128,1.564877988
3700112S,3700112E,1.050055736
3700112W,37001124,0.709870947
3700112W,37001126,0.906005428
3700112W,37001127,1.093167476
3700112W,37001128,1.566732413
3700112W,3700112N,0.301837512
3700113,3700105,3.539607967
3700113,37001063,2.017870830
3700113,3700106E,2.406785718
3700113,3700106N,0.788083532
3700113,3700106S,1.857667407
3700113,37001103,5.928572855
3700113,3700110N,5.775230291
3700113,3700110S,0.369338860
3700113,3700111,5.104633701
37003B1,37003B2,6.511405749
37003B1,37003E,2.451903551
37003B1,37027PR13,3.712653161
37003B1,37027PR28,3.191114892
37003B1,3703539,2.208664769
37003B2,37003B1,6.511405749
37003B2,37003E,5.737108915
37003B2,37003W,4.670218945
37003B2,3703529,1.769819191
37003B2,3703538,2.521108516
37003E,37003B1,2.451903551
37003E,37003B2,5.737108915
37003E,37003L,11.504971600
37003E,37003T4,3.912677958
37003E,37003W,6.449969336
37003E,37027PR13,8.322671092
37003E,37193102,2.674755035
37003G1,37003G2,7.131507498
37003G1,37003S1,4.140770101
37003G1,37003SL,5.964407195
37003G1,37097NH,5.541265791
37003G1,37193103,8.023996262
37003G1,37193112,0.976742723
37003G2,37003G1,7.131507498
37003G2,37003S1,7.529809011
37003G2,37003S2,3.299006481
37003G2,37097NH,0.061614873
37003G2,37097SB,5.918418612
37003L,37003E,11.504971600
37003L,37003SL,9.001440067
37003L,37003T2,0.938315756
37003L,37003T4,4.095340894
37003L,37193102,5.434962852
37003M,37003S1,3.595693924
37003M,37003S2,2.411485893
37003M,37003T1,5.159450536
37003M,37003T3,1.744008136
37003M,3703527,4.616966920
37003M,37097SH-A,5.713594106
37003S1,37003G1,4.140770101
37003S1,37003G2,7.529809011
37003S1,37003M,3.595693924
37003S1,37003S2,3.628494416
37003S1,37003SL,4.412592879
37003S1,37003T2,4.683982194
37003S1,37003T3,2.302846159
37003S2,37003G2,3.299006481
37003S2,37003M,2.411485893
37003S2,37003S1,3.628494416
37003S2,37097CD,3.521850938
37003S2,37097SB,0.012260909
37003S2,37097SH-A,0.892449713
37003SL,37003G1,5.964407195
37003SL,37003L,9.001440067
37003SL,37003S1,4.412592879
37003SL,37003T2,5.939820386
37003SL,37193102,1.603500823
37003SL,37193112,5.599720450
37003T1,37003M,5.159450536
37003T1,37003T2,0.068082958
37003T1,37003T3,4.329881479
37003T1,37003T4,0.141380407
37003T1,37003T5,6.159903870
37003T1,37003W,1.316846785
37003T1,3703527,3.495581820
37003T2,37003L,0.938315756
37003T2,37003S1,4.683982194
37003T2,37003SL,5.939820386
37003T2,37003T1,0.068082958
37003T2,37003T3,3.551579481
37003T2,37003T4,3.155824842
37003T3,37003M,1.744008136
37003T3,37003S1,2.302846159
37003T3,37003T1,4.329881479
37003T3,37003T2,3.551579481
37003T4,37003E,3.912677958
37003T4,37003L,4.095340894
37003T4,37003T1,0.141380407
37003T4,37003T2,3.155824842
37003T4,37003T5,3.519894672
37003T5,37003T1,6.159903870
37003T5,37003T4,3.519894672
37003T5,37003W,8.619149250
37003W,37003B2,4.670218945
37003W,37003E,6.449969336
37003W,37003T1,1.316846785
37003W,37003T5,8.619149250
37003W,3703529,0.178190072
37003W,3703533,4.477025519
3700501,3700503,4.685683094
3700501,3700504,6.230781511
3700501,3700507,4.541195020
3700501,3717101,5.795403769
3700501,37193123,9.336309591
3700501,37193124,3.081798489
3700502,3700506,7.535384662
3700502,3700507,4.267978818
3700502,3700915,7.294807685
3700502,37193114,5.271151700
3700502,37193126,1.139295861
3700503,3700501,4.685683094
3700503,3700504,7.314731199
3700503,3700505,2.520870122
3700503,3700506,3.687879768
3700503,3700507,10.844969180
3700504,3700501,6.230781511
3700504,3700503,7.314731199
3700504,3717101,3.767775717
3700504,3717109,5.475394625
3700505,3700503,2.520870122
3700505,3700506,11.847571750
3700505,3700911,6.177775060
3700506,3700502,7.535384662
3700506,3700503,3.687879768
3700506,3700505,11.847571750
3700506,3700507,1.537989053
3700506,3700911,4.353179812
3700506,3700915,2.382191170
3700507,3700501,4.541195020
3700507,3700502,4.267978818
3700507,3700503,10.844969180
3700507,3700506,1.537989053
3700507,37193123,0.936018203
3700507,37193126,8.282037488
37007ANS,37007BURN,10.468811330
37007ANS,37007LILE,3.164057117
37007ANS,37007POLK,2.577277520
37007ANS,37007W1,10.493642240
37007ANS,3715314,7.449370260
37007ANS,371670026,3.537140514
37007ANS,371670028,9.708333665
37007BURN,37007ANS,10.468811330
37007BURN,37007PEAC,6.184557953
37007BURN,37007POLK,4.295926423
37007BURN,371670022,2.183082089
37007BURN,371670026,8.924309595
37007BURN,37179011,7.987994730
37007BURN,37179036,2.036582635
37007GULL,37007LILE,0.753821860
37007GULL,37007MM,6.702537216
37007GULL,37007W2,4.658777849
37007GULL,37007W3,8.533158588
37007GULL,37007WS,3.836881912
37007LILE,37007ANS,3.164057117
37007LILE,37007GULL,0.753821860
37007LILE,37007MM,17.858747990
37007LILE,37007W1,6.772358682
37007LILE,37007W3,5.378812967
37007LILE,3715301,2.558011183
37007LILE,3715302,1.963821368
37007LILE,3715306,3.338018687
37007LILE,3715307,1.733899127
37007LILE,3715314,7.898600602
37007LILE,3715315,4.075888321
37007LILE,3715316,7.506258950
37007MM,37007GULL,6.702537216
37007MM,37007LILE,17.858747990
37007MM,3715307,4.923356227
37007PEAC,37007BURN,6.184557953
37007PEAC,37007POLK,18.291882320
37007PEAC,37007WS,5.965114953
37007PEAC,37179027,3.818533275
37007PEAC,37179036,4.388758786
37007POLK,37007ANS,2.577277520
37007POLK,37007BURN,4.295926423
37007POLK,37007PEAC,18.291882320
37007POLK,37007W1,4.229339532
37007POLK,37007W2,7.323405441
37007POLK,37007WS,3.656618189
37007W1,37007ANS,10.493642240
37007W1,37007LILE,6.772358682
37007W1,37007POLK,4.229339532
37007W1,37007W2,7.742963627
37007W1,37007W3,4.063645942
37007W2,37007GULL,4.658777849
37007W2,37007POLK,7.323405441
37007W2,37007W1,7.742963627
37007W2,37007W3,8.695365546
37007W2,37007WS,4.546080375
37007W3,37007GULL,8.533158588
37007W3,37007LILE,5.378812967
37007W3,37007W1,4.063645942
37007W3,37007W2,8.695365546
37007WS,37007GULL,3.836881912
37007WS,37007PEAC,5.965114953
37007WS,37007POLK,3.656618189
37007WS,37007W2,4.546080375
37007WS,37179026,6.426706043
37007WS,37179027,1.922433734
3700902,3700903,7.458542636
3700902,3700907,6.943614745
3700902,3700910,6.312941399
3700902,3700911,2.903305387
3700902,3700917,7.851135538
3700902,3700918,0.070399729
3700902,3700920,6.318710267
3700903,3700902,7.458542636
3700903,3700904,5.975759698
3700903,3700910,2.956432830
3700903,3700912,8.905275681
3700903,3700914,5.894955307
3700903,3700920,7.643722020
3700903,3718901,0.771696585
3700903,3718916,1.125905578
3700904,3700903,5.975759698
3700904,3700914,7.572460949
3700904,3700916,2.120760275
3700904,3718901,6.569962299
3700904,3718918,1.065623810
3700906,3700908,1.921625139
3700906,3700911,14.315774260
3700906,3700917,7.239489192
3700907,3700902,6.943614745
3700907,3700908,5.642987775
3700907,3700917,6.969377982
3700907,3700918,7.566546005
3700908,3700906,1.921625139
3700908,3700907,5.642987775
3700908,3700917,4.980217594
3700908,3700918,4.795497835
3700909,3700911,14.013968140
3700909,3700913,8.095756761
3700909,3700915,7.372190545
3700909,3700920,13.278045780
3700910,3700902,6.312941399
3700910,3700903,2.956432830
3700910,3700912,5.281023875
3700910,3700918,8.114793128
3700911,3700505,6.177775060
3700911,3700506,4.353179812
3700911,3700902,2.903305387
3700911,3700906,14.315774260
3700911,3700909,14.013968140
3700911,3700915,10.452452500
3700911,3700917,7.375720247
3700911,3700920,0.609013580
3700912,3700903,8.905275681
3700912,3700910,5.281023875
3700912,3718916,5.909405452
3700913,3700909,8.095756761
3700913,3700915,3.391895480
3700913,3700916,5.679574991
3700913,3700920,6.962315904
3700913,37193110,2.480918626
3700913,37193125,8.968701861
3700914,3700903,5.894955307
3700914,3700904,7.572460949
3700914,3700916,13.432186820
3700914,3700920,10.262132270
3700915,3700502,7.294807685
3700915,3700506,2.382191170
3700915,3700909,7.372190545
3700915,3700911,10.452452500
3700915,3700913,3.391895480
3700915,37193114,0.105205292
3700915,37193125,9.131263214
3700916,3700904,2.120760275
3700916,3700913,5.679574991
3700916,3700914,13.432186820
3700916,3700920,4.488200710
3700916,3718918,5.978824097
3700916,37193110,8.189186386
3700917,3700902,7.851135538
3700917,3700906,7.239489192
3700917,3700907,6.969377982
3700917,3700908,4.980217594
3700917,3700911,7.375720247
3700918,3700902,0.070399729
3700918,3700907,7.566546005
3700918,3700908,4.795497835
3700918,3700910,8.114793128
3700920,3700902,6.318710267
3700920,3700903,7.643722020
3700920,3700909,13.278045780
3700920,3700911,0.609013580
3700920,3700913,6.962315904
3700920,3700914,10.262132270
3700920,3700916,4.488200710
3701101,3701109,1.771089996
3701101,3701110,4.489288635
3701101,3701115,0.669938178
3701101,3701116,6.015328229
3701101,3701118,5.899209347
3701101,370230018,4.145106469
3701101,37111N.COVE,1.301466731
3701102,3701103,5.061420844
3701102,3701105,2.061416376
3701102,3701108,4.436329140
3701102,3701111,4.530492008
3701102,3701113,4.243696388
3701102,3701114,2.125180817
3701102,3718917,4.092761362
3701102,3718919,2.076279048
3701102,3718920,6.096997238
3701103,3701102,5.061420844
3701103,3701106,2.537565389
3701103,3701108,1.647963735
3701103,3718902,2.847388393
3701103,3718910,4.059120313
3701103,3718920,0.046777196
3701104,3701111,8.390493277
3701104,3701116,6.406990874
3701104,370230018,4.856501380
3701104,37027PR07,13.132555390
3701105,3701102,2.061416376
3701105,3701106,4.739882834
3701105,3701108,3.653617314
3701105,3701112,3.192659151
3701105,3701114,6.774219579
3701106,3701103,2.537565389
3701106,3701105,4.739882834
3701106,3701108,2.754251810
3701107,3701109,1.996910761
3701107,3701112,2.531022216
3701107,3701117,1.095837307
3701107,3701119,3.407772285
3701108,3701102,4.436329140
3701108,3701103,1.647963735
3701108,3701105,3.653617314
3701108,3701106,2.754251810
3701109,3701101,1.771089996
3701109,3701107,1.996910761
3701109,3701112,0.672461013
3701109,3701115,5.382549508
3701109,3701117,1.747908568
3701109,3701118,1.533367642
3701110,3701101,4.489288635
3701110,3701117,6.287421596
3701110,3701118,3.009069907
3701110,37111N.COVE,4.254033012
3701110,3712103,0.011194836
3701110,3712104,7.842352435
3701111,3701102,4.530492008
3701111,3701104,8.390493277
3701111,3701113,4.785938397
3701111,3701116,2.076776867
3701111,37027PR07,2.480735761
3701111,3718919,0.803184412
3701112,3701105,3.192659151
3701112,3701107,2.531022216
3701112,3701109,0.672461013
3701112,3701114,2.074123715
3701112,3701115,1.335658863
3701112,3701119,1.954407395
3701113,3701102,4.243696388
3701113,3701111,4.785938397
3701113,3701114,3.603167018
3701113,3701115,2.526578744
3701113,3701116,1.474814333
3701114,3701102,2.125180817
3701114,3701105,6.774219579
3701114,3701112,2.074123715
3701114,3701113,3.603167018
3701114,3701115,5.227218296
3701115,3701101,0.669938178
3701115,3701109,5.382549508
3701115,3701112,1.335658863
3701115,3701113,2.526578744
3701115,3701114,5.227218296
3701115,3701116,1.153085000
3701116,3701101,6.015328229
3701116,3701104,6.406990874
3701116,3701111,2.076776867
3701116,3701113,1.474814333
3701116,3701115,1.153085000
3701116,370230018,3.013417823
3701117,3701107,1.095837307
3701117,3701109,1.747908568
3701117,3701110,6.287421596
3701117,3701118,3.087630317
3701117,3701119,4.072538271
3701117,3712103,5.966776637
3701118,3701101,5.899209347
3701118,3701109,1.533367642
3701118,3701110,3.009069907
3701118,3701117,3.087630317
3701119,3701107,3.407772285
3701119,3701112,1.954407395
3701119,3701117,4.072538271
3701119,3712103,0.995755562
3701119,3712106,3.163255581
37013AUROR,37013EDWAR,18.701467680
37013AUROR,37013NCRK,11.007106070
37013AUROR,37013SURBA,5.642689453
37013AUROR,371371AL,1.872961075
37013AUROR,371373BY,10.308328080
37013AUROR,371374HB,9.862621012
37013AUROR,371374VM,2.478049537
37013BEADM,37013HB,0.019811124
37013BEADM,37013OLDF,2.672949331
37013BEADM,37013PINET,8.433132036
37013BEADM,37013WASH1,0.494462266
37013BEADM,37013WASH4,4.446394143
37013BEADM,37013WASHP,2.326342313
37013BEADM,37013WDPD,6.846541859
37013BELHV,37013NCRK,6.686757800
37013BELHV,37013PANTE,14.027575840
37013BELHV,37095BM,16.778002080
37013BELHV,37095SLAD,10.885777300
37013BLCK,37013CHOCO,8.302662497
37013BLCK,37013EDWAR,13.877360310
37013BLCK,37013GILEA,7.391705758
37013BLCK,37013WDPD,4.212549113
37013BLCK,3704912,1.305555565
37013BLCK,3704913,6.557684088
37013CHOCO,37013BLCK,8.302662497
37013CHOCO,37013GILEA,14.536731570
37013CHOCO,37013RVRD,1.141504256
37013CHOCO,37013WASH1,1.405411456
37013CHOCO,37013WASH2,1.744492418
37013CHOCO,37013WASHP,2.251394981
37013CHOCO,3704913,3.068176181
37013CHOCO,3704914,8.432658091
37013CHOCO,371470601,4.739845978
37013CHOCO,371471101,9.918233583
37013CHOCO,371471201,1.136568896
37013EDWAR,37013AUROR,18.701467680
37013EDWAR,37013BLCK,13.877360310
37013EDWAR,37013SURBA,5.625555251
37013EDWAR,3704912,4.061097133
37013EDWAR,371371AL,3.573616139
37013EDWAR,371371RB,1.061589347
37013GILEA,37013BLCK,7.391705758
37013GILEA,37013CHOCO,14.536731570
37013GILEA,37013RVRD,3.682645925
37013GILEA,37013WDPD,0.380872514
37013HB,37013BEADM,0.019811124
37013HB,37013NCRK,9.970631778
37013HB,37013PANTE,15.362474220
37013HB,37013PINET,5.692689149
37013HB,37013SURBA,11.559859620
37013HB,37013WDPD,3.978703008
37013NCRK,37013AUROR,11.007106070
37013NCRK,37013BELHV,6.686757800
37013NCRK,37013HB,9.970631778
37013NCRK,37013PANTE,0.716346398
37013NCRK,37013SURBA,8.351319620
37013NCRK,37095SLAD,13.460921920
37013NCRK,371374HB,4.777289884
37013OLDF,37013BEADM,2.672949331
37013OLDF,37013PINET,5.635014425
37013OLDF,37013PSJW3,2.633968123
37013OLDF,37013TCRK,12.698744770
37013OLDF,37013WASH4,1.378578098
37013OLDF,37117GR,7.803137210
37013PANTE,37013BELHV,14.027575840
37013PANTE,37013HB,15.362474220
37013PANTE,37013NCRK,0.716346398
37013PANTE,37013PINET,9.269326870
37013PANTE,37095BM,5.299045615
37013PANTE,37187LM,1.203132290
37013PANTE,37187P3,6.871116850
37013PINET,37013BEADM,8.433132036
37013PINET,37013HB,5.692689149
37013PINET,37013OLDF,5.635014425
37013PINET,37013PANTE,9.269326870
37013PINET,37117GR,7.742417080
37013PINET,37117J,0.020177530
37013PINET,37187P3,6.234187370
37013PSJW3,37013OLDF,2.633968123
37013PSJW3,37013WASH2,3.082611304
37013PSJW3,37013WASH4,2.338190364
37013RVRD,37013CHOCO,1.141504256
37013RVRD,37013GILEA,3.682645925
37013RVRD,37013WASHP,2.451434530
37013RVRD,37013WDPD,5.878362942
37013SURBA,37013AUROR,5.642689453
37013SURBA,37013EDWAR,5.625555251
37013SURBA,37013HB,11.559859620
37013SURBA,37013NCRK,8.351319620
37013SURBA,37013WDPD,6.244770195
37013TCRK,37013OLDF,12.698744770
37013TCRK,37013WASH2,3.297605569
37013TCRK,37117BG,7.328838557
37013TCRK,37117CR,0.811692641
37013TCRK,37117GR,0.967704018
37013TCRK,371470501,5.069245330
37013TCRK,371471201,24.285940610
37013WASH1,37013BEADM,0.494462266
37013WASH1,37013CHOCO,1.405411456
37013WASH1,37013WASH2,1.353485896
37013WASH1,37013WASH4,1.912480808
37013WASH1,37013WASHP,3.993196312
37013WASH2,37013CHOCO,1.744492418
37013WASH2,37013PSJW3,3.082611304
37013WASH2,37013TCRK,3.297605569
37013WASH2,37013WASH1,1.353485896
37013WASH2,371471201,1.254602064
37013WASH4,37013BEADM,4.446394143
37013WASH4,37013OLDF,1.378578098
37013WASH4,37013PSJW3,2.338190364
37013WASH4,37013WASH1,1.912480808
37013WASHP,37013BEADM,2.326342313
37013WASHP,37013CHOCO,2.251394981
37013WASHP,37013RVRD,2.451434530
37013WASHP,37013WASH1,3.993196312
37013WASHP,37013WDPD,1.011324078
37013WDPD,37013BEADM,6.846541859
37013WDPD,37013BLCK,4.212549113
37013WDPD,37013GILEA,0.380872514
37013WDPD,37013HB,3.978703008
37013WDPD,37013RVRD,5.878362942
37013WDPD,37013SURBA,6.244770195
37013WDPD,37013WASHP,1.011324078
37015C1,37015C2,12.150134510
37015C1,37015WH,9.985935481
37015C1,370413,7.328726567
37015C1,370415,0.127868824
37015C1,37091HV,10.371249640
37015C2,37015C1,12.150134510
37015C2,37015M1,9.287822401
37015C2,37015W2,6.586253368
37015C2,37015WH,3.749633267
37015C2,37091A2,5.911290167
37015C2,37091HV,1.415011782
37015IW,37015SN,6.686259746
37015IW,37015W1,14.696199980
37015IW,37015WD,15.114083450
37015IW,37117HM,5.444376952
37015M1,37015C2,9.287822401
37015M1,37015M2,10.062955860
37015M1,37015SN,8.769326992
37015M1,37015W2,6.401399245
37015M1,37091A2,5.566210299
37015M1,37091ML,1.719586661
37015M2,37015M1,10.062955860
37015M2,37015RX,7.145297819
37015M2,37015SN,4.763916235
37015M2,37091ML,3.507042427
37015MH,37015W1,15.592880960
37015MH,37015WH,18.058332270
37015MH,370411,0.164790800
37015MH,370412,4.589741982
37015MH,370416,1.314337485
37015MH,37117J,4.373925086
37015MH,37187LM,8.910852839
37015MH,37187P1,3.906645803
37015MH,37187P2,1.749158148
37015RX,37015M2,7.145297819
37015RX,37015SN,3.497848894
37015RX,37015WD,9.763529881
37015RX,37083PAL,6.074580093
37015RX,37091ML,6.312373143
37015RX,37131RICH-S,11.648776440
37015SN,37015IW,6.686259746
37015SN,37015M1,8.769326992
37015SN,37015M2,4.763916235
37015SN,37015RX,3.497848894
37015SN,37015W1,6.502146119
37015SN,37015W2,4.918843527
37015SN,37015WD,13.627726080
37015W1,37015IW,14.696199980
37015W1,37015MH,15.592880960
37015W1,37015SN,6.502146119
37015W1,37015W2,16.091518130
37015W1,37015WH,4.640439338
37015W1,37117HM,5.240468649
37015W1,37117J,10.939164550
37015W1,37117W,15.264520180
37015W1,37117W1,2.308896136
37015W1,37117W2,1.717348729
37015W2,37015C2,6.586253368
37015W2,37015M1,6.401399245
37015W2,37015SN,4.918843527
37015W2,37015W1,16.091518130
37015W2,37015WH,0.818291970
37015WD,37015IW,15.114083450
37015WD,37015RX,9.763529881
37015WD,37015SN,13.627726080
37015WD,37083PAL,11.377884810
37015WD,37117GN,10.951347460
37015WD,37117HM,21.193289450
37015WH,37015C1,9.985935481
37015WH,37015C2,3.749633267
37015WH,37015MH,18.058332270
37015WH,37015W1,4.640439338
37015WH,37015W2,0.818291970
37015WH,370412,5.431820135
37015WH,370413,4.060116086
37017P10,37017P201,4.634453288
37017P10,37017P202,4.351976481
37017P10,37017P25,6.555992524
37017P10,37017P501,3.363136479
37017P10,37047P18,4.790957911
37017P15,37017P202,8.208519009
37017P15,37017P35,3.882748280
37017P15,37017P501,6.219832002
37017P15,37017P60,6.520918595
37017P15,37017P80,3.975607134
37017P15,3715508,5.573714954
37017P15,3715541,1.870919120
37017P201,37017P10,4.634453288
37017P201,37017P202,6.955193399
37017P201,37047P15,3.966922896
37017P201,37047P18,4.483144581
37017P201,3715541,9.835440029
37017P202,37017P10,4.351976481
37017P202,37017P15,8.208519009
37017P202,37017P201,6.955193399
37017P202,37017P501,4.389867772
37017P202,3715541,4.532444173
37017P25,37017P10,6.555992524
37017P25,37017P501,1.401959549
37017P25,37017P502,3.110767518
37017P25,37017P75,12.356136630
37017P25,37047P17,0.965403668
37017P25,37047P18,3.907357429
37017P30,37017P55,19.366891660
37017P30,37017P75,10.425227270
37017P30,37047P02,5.485455815
37017P30,37047P14,6.474076666
37017P30,37047P16,5.774719205
37017P35,37017P15,3.882748280
37017P35,37017P40,13.082998560
37017P35,37017P501,4.690499007
37017P35,37017P502,3.339918562
37017P35,37017P70,3.989824917
37017P35,37017P80,3.932514524
37017P40,37017P35,13.082998560
37017P40,37017P45,11.890757860
37017P40,37017P502,10.261532900
37017P40,37017P55,4.396231572
37017P40,37017P65,13.723016770
37017P40,37017P70,6.476687976
37017P40,37017P75,5.650542711
37017P45,37017P40,11.890757860
37017P45,37017P65,4.237524401
37017P45,37017P70,8.136464428
37017P45,37163GARL,15.245264560
37017P45,37163LAKE,1.706527169
37017P501,37017P10,3.363136479
37017P501,37017P15,6.219832002
37017P501,37017P202,4.389867772
37017P501,37017P25,1.401959549
37017P501,37017P35,4.690499007
37017P501,37017P502,6.013958318
37017P502,37017P25,3.110767518
37017P502,37017P35,3.339918562
37017P502,37017P40,10.261532900
37017P502,37017P501,6.013958318
37017P502,37017P75,10.129846030
37017P55,37017P30,19.366891660
37017P55,37017P40,4.396231572
37017P55,37017P65,12.984590790
37017P55,37017P75,2.342381789
37017P55,37141CS04,9.319973578
37017P55,37141CT03,4.940172720
37017P60,37017P15,6.520918595
37017P60,37017P80,12.023344430
37017P60,37051AL51,5.319093171
37017P60,3715508,7.287370099
37017P60,3715509,3.155176763
37017P60,3715531,3.344702787
37017P60,3715532,2.735934681
37017P65,37017P40,13.723016770
37017P65,37017P45,4.237524401
37017P65,37017P55,12.984590790
37017P65,37141CS04,6.809487639
37017P65,37163GARL,6.301722179
37017P65,37163HARR,25.565285310
37017P70,37017P35,3.989824917
37017P70,37017P40,6.476687976
37017P70,37017P45,8.136464428
37017P70,37017P80,7.922069164
37017P70,37051G6,10.286880890
37017P70,37163LAKE,1.021189518
37017P75,37017P25,12.356136630
37017P75,37017P30,10.425227270
37017P75,37017P40,5.650542711
37017P75,37017P502,10.129846030
37017P75,37017P55,2.342381789
37017P75,37047P16,3.808429977
37017P75,37047P17,7.703420961
37017P80,37017P15,3.975607134
37017P80,37017P35,3.932514524
37017P80,37017P60,12.023344430
37017P80,37017P70,7.922069164
37017P80,37051G6,12.872165070
3701901,3701902,9.447579697
3701901,3701905,10.401636050
3701901,37047P14,9.051276843
3701901,37141CT03,8.950647917
3701902,3701901,9.447579697
3701902,3701903,13.230922430
3701902,3701904,2.895182869
3701902,3701905,2.558398827
3701902,37129CF01,10.467747790
3701902,37141CT03,4.908932987
3701902,37141GR06,0.156268360
3701903,3701902,13.230922430
3701903,3701904,5.393941770
3701903,37129CF01,5.886459516
3701904,3701902,2.895182869
3701904,3701903,5.393941770
3701904,3701905,10.030193050
3701904,3701907,9.267654341
3701904,3701921,6.056991633
3701904,37129FP01,3.760203229
3701904,37129M03,2.334270016
3701904,37129W03,1.398253672
3701904,37129W26,1.242005601
3701904,37129W30,3.030374756
3701905,3701901,10.401636050
3701905,3701902,2.558398827
3701905,3701904,10.030193050
3701905,3701906,13.012043640
3701905,3701911,8.611249262
3701905,3701921,2.883124133
3701905,37047P14,2.584978829
3701906,3701905,13.012043640
3701906,3701910,6.761684566
3701906,3701911,6.067603161
3701906,3701921,13.734873690
3701907,3701904,9.267654341
3701907,3701908,6.906249368
3701907,3701909,4.291851957
3701907,3701910,1.953811268
3701907,3701921,8.356748262
3701907,3701922,12.891592300
3701907,37129FP01,1.272588542
3701907,37129FP02,4.271353875
3701907,37129FP03,5.662127043
3701908,3701907,6.906249368
3701908,3701909,4.143154109
3701908,3701910,4.054717311
3701908,3701922,1.343163767
3701909,3701907,4.291851957
3701909,3701908,4.143154109
3701909,3701922,7.917757405
3701910,3701906,6.761684566
3701910,3701907,1.953811268
3701910,3701908,4.054717311
3701910,3701911,19.854514700
3701910,3701912,6.368483764
3701910,3701921,8.588661996
3701910,3701922,3.211062962
3701910,3701923,5.802088355
3701911,3701905,8.611249262
3701911,3701906,6.067603161
3701911,3701910,19.854514700
3701911,3701912,5.922793469
3701911,3701913,15.885711060
3701911,3701918,12.509097250
3701911,37047P14,0.008877721
3701912,3701910,6.368483764
3701912,3701911,5.922793469
3701912,3701913,1.016876429
3701912,3701920,6.677865218
3701912,3701923,0.652121993
3701913,3701911,15.885711060
3701913,3701912,1.016876429
3701913,3701914,6.172137382
3701913,3701915,1.419806473
3701913,3701917,2.940548961
3701913,3701918,8.949319416
3701913,3701920,5.458202427
3701914,3701913,6.172137382
3701914,3701915,10.439462400
3701914,3701920,1.183200231
3701915,3701913,1.419806473
3701915,3701914,10.439462400
3701915,3701916,9.897968220
3701915,3701917,10.255127400
3701915,3701920,5.180452169
3701916,3701915,9.897968220
3701916,3701917,3.712163054
3701916,3701919,5.636207695
3701917,3701913,2.940548961
3701917,3701915,10.255127400
3701917,3701916,3.712163054
3701917,3701918,16.723870110
3701917,3701919,4.183609047
3701917,37047P03,5.896173011
3701918,3701911,12.509097250
3701918,3701913,8.949319416
3701918,3701917,16.723870110
3701918,37047P02,11.051633920
3701918,37047P03,4.589778689
3701918,37047P05,9.992386016
3701918,37047P10,14.118447220
3701918,37047P12,9.573015793
3701918,37047P14,5.320531342
3701919,3701916,5.636207695
3701919,3701917,4.183609047
3701920,3701912,6.677865218
3701920,3701913,5.458202427
3701920,3701914,1.183200231
3701920,3701915,5.180452169
3701920,3701922,3.588877604
3701920,3701923,0.305340218
3701921,3701904,6.056991633
3701921,3701905,2.883124133
3701921,3701906,13.734873690
3701921,3701907,8.356748262
3701921,3701910,8.588661996
3701922,3701907,12.891592300
3701922,3701908,1.343163767
3701922,3701909,7.917757405
3701922,3701910,3.211062962
3701922,3701920,3.588877604
3701922,3701923,8.707539569
3701922,37129FP03,9.043247669
3701923,3701910,5.802088355
3701923,3701912,0.652121993
3701923,3701920,0.305340218
3701923,3701922,8.707539569
3702101.1,3702102.1,0.469259224
3702101.1,3702103.1,0.493804350
3702101.1,3702107.1,0.561642683
3702101.1,3702110.1,0.739704352
3702101.1,3702111.1,1.150615822
3702101.1,3702117.1,0.602242274
3702101.1,3702120.1,1.649779608
3702102.1,3702101.1,0.469259224
3702102.1,3702103.1,1.398826619
3702102.1,3702111.1,1.086384054
3702102.1,3702114.2,1.668678892
3702102.1,3702128.1,0.289171770
3702102.1,3702170.1,0.933080893
3702103.1,3702101.1,0.493804350
3702103.1,3702102.1,1.398826619
3702103.1,3702117.1,1.013186674
3702103.1,3702128.1,1.199578270
3702104.1,3702105.1,1.931340527
3702104.1,37021104.1,2.101140184
3702104.1,3702117.1,1.119592350
3702104.1,3702128.1,1.749369061
3702105.1,3702104.1,1.931340527
3702105.1,37021104.1,2.062189795
3702105.1,3702128.1,0.589914930
3702105.1,3702170.1,2.774075966
3702105.1,3702171.1,2.647227859
3702106.1,3702107.1,0.604801938
3702106.1,3702109.1,2.253517667
3702106.1,37021103.1,1.628200025
3702106.1,3702125.1,1.588276101
3702107.1,3702101.1,0.561642683
3702107.1,3702106.1,0.604801938
3702107.1,3702109.1,1.940657101
3702107.1,3702110.1,0.768396041
3702107.1,37021103.1,0.730781541
3702107.1,3702120.1,2.163293629
3702109.1,3702106.1,2.253517667
3702109.1,3702107.1,1.940657101
3702109.1,3702110.1,0.095453551
3702109.1,37021100.1,3.783489773
3702109.1,3702125.1,1.845888985
3702109.1,3702160.2,1.592120523
3702110.1,3702101.1,0.739704352
3702110.1,3702107.1,0.768396041
3702110.1,3702109.1,0.095453551
3702110.1,37021100.1,0.071509729
3702110.1,37021101.1,0.814114757
3702110.1,3702111.1,1.710319895
3702110.1,3702112.1,1.395614695
3702110.1,3702131.1,0.922019114
37021100.1,3702109.1,3.783489773
37021100.1,3702110.1,0.071509729
37021100.1,3702119.1,0.305161635
37021100.1,3702131.1,4.270485113
37021100.1,3702138.3,1.531984057
37021100.1,3702157.1,4.798759019
37021100.1,3702160.2,3.442285124
37021101.1,3702110.1,0.814114757
37021101.1,37021102.1,1.125333313
37021101.1,3702112.1,0.689208915
37021101.1,3702113.1,2.159017111
37021101.1,3702119.1,3.357319046
37021101.1,3702130.1,6.709412256
37021101.1,3702131.1,7.341585865
37021101.1,3702144.1,2.063980946
37021101.1,3702146.1,4.840027494
37021101.1,3702155.1,1.608951664
37021101.1,37089FL,6.793216406
37021101.1,37089NM,2.566039268
37021102.1,37021101.1,1.125333313
37021102.1,3702119.1,2.994344006
37021102.1,3702155.1,2.419279466
37021102.1,3702157.1,4.456579118
37021103.1,3702106.1,1.628200025
37021103.1,3702107.1,0.730781541
37021103.1,37021104.1,2.841439484
37021103.1,3702117.1,1.401710917
37021103.1,3702120.1,4.523680567
37021103.1,3702125.1,4.173751698
37021103.1,3702161.1,3.189954828
37021104.1,3702104.1,2.101140184
37021104.1,3702105.1,2.062189795
37021104.1,37021103.1,2.841439484
37021104.1,3702117.1,1.485790544
37021104.1,3702159.1,4.278968388
37021104.1,3702161.1,2.592358754
37021104.1,3702171.1,1.189216007
37021105.1,37021106.1,3.673767075
37021105.1,3702114.2,5.242468080
37021105.1,3702168.1,2.998729191
37021105.1,3702170.1,2.601595127
37021106.1,37021105.1,3.673767075
37021106.1,3702113.1,0.195704862
37021106.1,3702114.2,0.611404261
37021106.1,3702115.1,1.321401424
37021106.1,3702126.1,2.184821268
37021106.1,3702145.1,2.491650109
37021106.1,3702168.1,2.035637966
37021107.1,3702141.1,3.014687248
37021107.1,3702150.1,4.982392929
37021107.1,3702158.1,8.454598926
37021107.1,3702159.1,2.134616289
37021107.1,37115BEECH,5.093842935
37021107.1,37115MARS-H,5.135759438
3702111.1,3702101.1,1.150615822
3702111.1,3702102.1,1.086384054
3702111.1,3702110.1,1.710319895
3702111.1,3702112.1,0.344703893
3702111.1,3702114.2,0.081667214
3702112.1,3702110.1,1.395614695
3702112.1,37021101.1,0.689208915
3702112.1,3702111.1,0.344703893
3702112.1,3702113.1,1.070766452
3702112.1,3702114.2,1.154979622
3702113.1,37021101.1,2.159017111
3702113.1,37021106.1,0.195704862
3702113.1,3702112.1,1.070766452
3702113.1,3702114.2,0.728550447
3702113.1,3702115.1,1.243743748
3702113.1,3702144.1,0.950623539
3702114.2,3702102.1,1.668678892
3702114.2,37021105.1,5.242468080
3702114.2,37021106.1,0.611404261
3702114.2,3702111.1,0.081667214
3702114.2,3702112.1,1.154979622
3702114.2,3702113.1,0.728550447
3702114.2,3702170.1,0.078221871
3702115.1,37021106.1,1.321401424
3702115.1,3702113.1,1.243743748
3702115.1,3702126.1,1.779493807
3702115.1,3702144.1,0.009762220
3702117.1,3702101.1,0.602242274
3702117.1,3702103.1,1.013186674
3702117.1,3702104.1,1.119592350
3702117.1,37021103.1,1.401710917
3702117.1,37021104.1,1.485790544
3702117.1,3702120.1,0.643172772
3702117.1,3702128.1,1.678506077
3702119.1,37021100.1,0.305161635
3702119.1,37021101.1,3.357319046
3702119.1,37021102.1,2.994344006
3702119.1,3702131.1,0.241939749
3702119.1,3702157.1,0.545334075
3702120.1,3702101.1,1.649779608
3702120.1,3702107.1,2.163293629
3702120.1,37021103.1,4.523680567
3702120.1,3702117.1,0.643172772
3702124.1,3702126.1,2.338586609
3702124.1,3702144.1,11.124634250
3702124.1,3702145.1,7.129744776
3702125.1,3702106.1,1.588276101
3702125.1,3702109.1,1.845888985
3702125.1,37021103.1,4.173751698
3702125.1,3702160.2,1.087322651
3702125.1,3702161.1,0.432224683
3702125.1,3702162.1,3.022534470
3702125.1,3702164.1,0.532054584
3702126.1,37021106.1,2.184821268
3702126.1,3702115.1,1.779493807
3702126.1,3702124.1,2.338586609
3702126.1,3702144.1,1.020795142
3702126.1,3702145.1,0.175573898
3702128.1,3702102.1,0.289171770
3702128.1,3702103.1,1.199578270
3702128.1,3702104.1,1.749369061
3702128.1,3702105.1,0.589914930
3702128.1,3702117.1,1.678506077
3702128.1,3702170.1,0.877750085
3702130.1,37021101.1,6.709412256
3702130.1,3702146.1,6.300358026
3702130.1,37089NM,7.896513571
3702131.1,3702110.1,0.922019114
3702131.1,37021100.1,4.270485113
3702131.1,37021101.1,7.341585865
3702131.1,3702119.1,0.241939749
3702132.1,3702133.2,3.433761779
3702132.1,3702135.1,7.486477026
3702132.1,3702136.1,12.021141330
3702132.1,3702137.1,3.245569355
3702132.1,3702139.1,2.732555016
3702132.1,3702150.1,4.594927862
3702132.1,3702164.1,1.888280177
3702132.1,3702165.1,7.947924521
3702133.2,3702132.1,3.433761779
3702133.2,3702133.3,1.254089406
3702133.2,3702134.1,1.087130511
3702133.2,3702135.1,1.152359206
3702133.2,3702136.1,2.451309474
3702133.3,3702133.2,1.254089406
3702133.3,3702134.1,1.492040215
3702133.3,3702135.1,0.633146285
3702133.3,3702136.1,5.705225942
3702134.1,3702133.2,1.087130511
3702134.1,3702133.3,1.492040215
3702134.1,3702135.1,1.329735401
3702135.1,3702132.1,7.486477026
3702135.1,3702133.2,1.152359206
3702135.1,3702133.3,0.633146285
3702135.1,3702134.1,1.329735401
3702136.1,3702132.1,12.021141330
3702136.1,3702133.2,2.451309474
3702136.1,3702133.3,5.705225942
3702136.1,3702137.1,1.130584996
3702136.1,3702150.1,0.643757991
3702136.1,37111FORT-1,7.924558204
3702136.1,37111FORT-2,3.779210962
3702136.1,3719909-SOU,2.275479138
3702136.1,3719910-PEN,3.564313604
3702137.1,3702132.1,3.245569355
3702137.1,3702136.1,1.130584996
3702137.1,3702139.1,9.280931949
3702137.1,37089BC,5.116545763
3702137.1,37111CCREEK,7.547502948
3702137.1,37111FORT-2,2.113589326
3702137.1,3716106A,10.852249690
3702138.2,3702138.3,5.977842821
3702138.2,3702139.1,5.221789737
3702138.2,3702157.1,1.199362070
3702138.2,37089BC,3.248296220
3702138.2,37089ED,0.223599684
3702138.2,37089HC,6.561138532
3702138.3,37021100.1,1.531984057
3702138.3,3702138.2,5.977842821
3702138.3,3702139.1,4.424802799
3702138.3,3702157.1,5.615133286
3702139.1,3702132.1,2.732555016
3702139.1,3702137.1,9.280931949
3702139.1,3702138.2,5.221789737
3702139.1,3702138.3,4.424802799
3702139.1,3702160.2,1.076250827
3702139.1,3702164.1,5.768592264
3702139.1,37089BC,2.777595897
3702141.1,37021107.1,3.014687248
3702141.1,3702152.1,9.750172533
3702141.1,3702158.1,3.496117498
3702141.1,3702169.1,1.112674601
3702141.1,3702171.1,5.582922780
3702141.1,37115MARS-H,0.436466908
3702141.1,37115NORTH,4.028416908
3702141.1,37115SOUTH,2.340549184
3702144.1,37021101.1,2.063980946
3702144.1,3702113.1,0.950623539
3702144.1,3702115.1,0.009762220
3702144.1,3702124.1,11.124634250
3702144.1,3702126.1,1.020795142
3702144.1,3702145.1,1.286189944
3702144.1,3702146.1,8.856832680
3702144.1,3702147.1,3.132323095
3702144.1,3702148.1,1.452615946
3702145.1,37021106.1,2.491650109
3702145.1,3702124.1,7.129744776
3702145.1,3702126.1,0.175573898
3702145.1,3702144.1,1.286189944
3702145.1,3702148.1,4.274115514
3702145.1,3702168.1,2.116146549
3702146.1,37021101.1,4.840027494
3702146.1,3702130.1,6.300358026
3702146.1,3702144.1,8.856832680
3702146.1,3702147.1,2.455474693
3702146.1,37089NM,2.322246888
3702147.1,3702144.1,3.132323095
3702147.1,3702146.1,2.455474693
3702147.1,3702148.1,1.537441575
3702147.1,3702149.1,6.343724178
3702147.1,37087BE-7,4.044507089
3702147.1,37087EF,5.811154687
3702147.1,37089NM,6.203606882
3702148.1,3702144.1,1.452615946
3702148.1,3702145.1,4.274115514
3702148.1,3702147.1,1.537441575
3702148.1,3702149.1,8.106132252
3702148.1,3702168.1,3.496912489
3702149.1,3702147.1,6.343724178
3702149.1,3702148.1,8.106132252
